{
 "cells": [
  {
   "cell_type": "code",
   "execution_count": 15,
   "metadata": {},
   "outputs": [],
   "source": [
    "import pandas as pd\n",
    "import numpy as np"
   ]
  },
  {
   "cell_type": "code",
   "execution_count": 7,
   "metadata": {},
   "outputs": [],
   "source": [
    "closing_price_data = pd.read_pickle(\"./closing_price_5yr.pkl\").dropna(axis = 1)"
   ]
  },
  {
   "cell_type": "code",
   "execution_count": 8,
   "metadata": {},
   "outputs": [],
   "source": [
    "stock_names = closing_price_data.keys()"
   ]
  },
  {
   "cell_type": "markdown",
   "metadata": {},
   "source": [
    "# Now is for the partitions of data"
   ]
  },
  {
   "cell_type": "code",
   "execution_count": 132,
   "metadata": {},
   "outputs": [],
   "source": [
    "from collections import OrderedDict\n",
    "\n",
    "def optimal_solution(stock_data_partition):\n",
    "    logret = np.log(stock_data_partition).diff()\n",
    "    mu = logret[1:].mean()\n",
    "    sigma = logret.cov()\n",
    "    s, _ = sigma.shape\n",
    "    w = cvx.Variable(s)# the length of w is x\n",
    "    risk = cvx.quad_form(w, sigma.as_matrix())\n",
    "    prob = cvx.Problem(cvx.Minimize(risk), \n",
    "                   [cvx.sum_entries(w) == 1])\n",
    "    prob.solve()\n",
    "    \n",
    "    return w.value\n",
    "    \n",
    "\n",
    "w=[]\n",
    "def Optimization_At_Each_Period(stock_data,days_of_period):\n",
    "    \n",
    "    for current_period_num in range(int(np.floor( (len(stock_data)/days_of_period) ))):\n",
    "        stock_data_partition = stock_data[current_period_num*days_of_period:(current_period_num+1)*days_of_period]\n",
    "        w.append(optimal_solution(stock_data_partition))\n",
    "    if len(stock_data)/days_of_period-int(len(stock_data)/days_of_period)==0:\n",
    "         \n",
    "        return np.column_stack(w)\n",
    "    else:\n",
    "        print (\"Last Trading Period Not Finished\")\n",
    "        last_start=int(np.floor( (len(stock_data)/days_of_period) ))*days_of_period\n",
    "        last_end=len(stock_data)-1\n",
    "        w.append(optimal_solution(stock_data[last_start:last_end]))\n",
    "        return np.column_stack(w)\n",
    "\n",
    "re=[]\n",
    "def return_over_time(stock_data,days_of_period):\n",
    "    for current_period_num in range(int(np.floor( (len(stock_data)/days_of_period) ))):\n",
    "        tmp=np.log(np.matrix(closing_price_data[(current_period_num+days_of_period):(current_period_num+1+days_of_period)])/np.matrix(closing_price_data[current_period_num:current_period_num+1]))\n",
    "        re.append(tmp)\n",
    "        \n",
    "    if len(stock_data)/days_of_period-int(len(stock_data)/days_of_period)==0:\n",
    "         \n",
    "        return np.stack(re)\n",
    "    else:\n",
    "        print (\"Last Trading Period Not Finished\")\n",
    "        last_start=int(np.floor( (len(stock_data)/days_of_period) ))*days_of_period\n",
    "        last_end=len(stock_data)-1\n",
    "        tmp=np.log(np.matrix(closing_price_data[last_end:last_end+1])/np.matrix(closing_price_data[last_start:last_start+1]))\n",
    "        re.append(tmp)\n",
    "        return np.stack(re)\n",
    "    \n",
    "def Realized_Return(stock_data,days_of_period):\n",
    "    Mat_Optimization_At_Each_Period = Optimization_At_Each_Period(stock_data,days_of_period)\n",
    "    Mat_return_over_time = return_over_time(stock_data,days_of_period)\n",
    "    Total_time = Mat_Optimization_At_Each_Period.shape[1]\n",
    "    average_return=0\n",
    "    for ticker in range(Total_time):\n",
    "        average_return =average_return+1/Total_time* np.matmul(Mat_return_over_time[ticker,:],\n",
    "                                                              Mat_Optimization_At_Each_Period[:,ticker])\n",
    "    return float(average_return)\n",
    "    "
   ]
  },
  {
   "cell_type": "code",
   "execution_count": 89,
   "metadata": {},
   "outputs": [
    {
     "data": {
      "text/plain": [
       "1239"
      ]
     },
     "execution_count": 89,
     "metadata": {},
     "output_type": "execute_result"
    }
   ],
   "source": [
    "int(np.floor( (len(closing_price_data)/21) ))*21"
   ]
  },
  {
   "cell_type": "code",
   "execution_count": 90,
   "metadata": {},
   "outputs": [
    {
     "data": {
      "text/plain": [
       "(1259, 467)"
      ]
     },
     "execution_count": 90,
     "metadata": {},
     "output_type": "execute_result"
    }
   ],
   "source": [
    "closing_price_data.shape"
   ]
  },
  {
   "cell_type": "code",
   "execution_count": 112,
   "metadata": {},
   "outputs": [
    {
     "name": "stdout",
     "output_type": "stream",
     "text": [
      "Last Trading Period Not Finished\n"
     ]
    }
   ],
   "source": [
    "ROT=return_over_time(closing_price_data,21)"
   ]
  },
  {
   "cell_type": "code",
   "execution_count": 113,
   "metadata": {},
   "outputs": [
    {
     "data": {
      "text/plain": [
       "(60, 467)"
      ]
     },
     "execution_count": 113,
     "metadata": {},
     "output_type": "execute_result"
    }
   ],
   "source": [
    "ROT.shape"
   ]
  },
  {
   "cell_type": "code",
   "execution_count": 121,
   "metadata": {},
   "outputs": [
    {
     "name": "stdout",
     "output_type": "stream",
     "text": [
      "Last Trading Period Not Finished\n"
     ]
    }
   ],
   "source": [
    "OMT= Optimization_At_Each_Period(closing_price_data,21)"
   ]
  },
  {
   "cell_type": "code",
   "execution_count": 133,
   "metadata": {},
   "outputs": [
    {
     "name": "stdout",
     "output_type": "stream",
     "text": [
      "Last Trading Period Not Finished\n",
      "Last Trading Period Not Finished\n"
     ]
    },
    {
     "data": {
      "text/plain": [
       "0.004369884914259381"
      ]
     },
     "execution_count": 133,
     "metadata": {},
     "output_type": "execute_result"
    }
   ],
   "source": [
    "Realized_Return(closing_price_data,21)"
   ]
  },
  {
   "cell_type": "code",
   "execution_count": 122,
   "metadata": {},
   "outputs": [
    {
     "data": {
      "text/plain": [
       "(467, 60)"
      ]
     },
     "execution_count": 122,
     "metadata": {},
     "output_type": "execute_result"
    }
   ],
   "source": [
    "OMT.shape"
   ]
  },
  {
   "cell_type": "code",
   "execution_count": 94,
   "metadata": {},
   "outputs": [
    {
     "data": {
      "text/plain": [
       "60"
      ]
     },
     "execution_count": 94,
     "metadata": {},
     "output_type": "execute_result"
    }
   ],
   "source": [
    "RR1.shape[1]"
   ]
  },
  {
   "cell_type": "code",
   "execution_count": 128,
   "metadata": {},
   "outputs": [
    {
     "data": {
      "text/plain": [
       "matrix([[-9.53797244e-04, -3.83649229e-04,  8.92961527e-03,\n",
       "          2.86074908e-03,  3.88661621e-03, -1.32410251e-03,\n",
       "          4.32914470e-03,  2.27885964e-03,  1.23609991e-02,\n",
       "         -3.04084652e-03,  1.25996131e-04, -1.47785254e-03,\n",
       "          1.90988760e-03,  3.85890385e-04, -5.90042537e-04,\n",
       "          7.44987420e-03,  9.27998649e-04,  1.09348819e-03,\n",
       "         -9.68070851e-03, -2.79729471e-03, -7.91191332e-03,\n",
       "         -3.66571280e-03,  2.35153390e-03,  4.41303030e-04,\n",
       "         -2.70161982e-03, -8.51142985e-03,  6.29290085e-04,\n",
       "         -1.09180453e-02, -6.88083427e-03,  2.41335448e-03,\n",
       "          1.43105681e-03,  5.47211743e-03,  1.37578014e-03,\n",
       "         -2.65918638e-03, -4.59682825e-03,  1.08266685e-02,\n",
       "          3.19225286e-04, -3.39815704e-04,  3.00515724e-03,\n",
       "         -4.54283124e-03,  1.99091917e-03,  3.04673404e-04,\n",
       "         -2.06009469e-03, -5.83496460e-03, -3.20082905e-04,\n",
       "         -7.36969912e-03,  2.62772125e-03,  2.83581802e-03,\n",
       "          3.61718250e-03,  5.98645992e-03,  1.80728706e-04,\n",
       "         -1.87963299e-05,  3.01392748e-03,  4.04610090e-03,\n",
       "         -2.50058239e-03,  4.53651679e-04, -8.89952160e-03,\n",
       "          7.84891925e-03,  1.29750133e-04, -3.25789362e-03]])"
      ]
     },
     "execution_count": 128,
     "metadata": {},
     "output_type": "execute_result"
    }
   ],
   "source": [
    "RR1[0,:]"
   ]
  },
  {
   "cell_type": "code",
   "execution_count": 26,
   "metadata": {},
   "outputs": [
    {
     "data": {
      "text/plain": [
       "matrix([[2298.87831194, 2262.00182734, 2248.97002129, 2244.25424915,\n",
       "         2264.72287197, 2242.0785734 , 2247.00507427, 2218.20965277,\n",
       "         2210.57656197, 2191.60766844, 2169.3601316 , 2208.63183428,\n",
       "         2240.66668428, 2244.4637656 , 2221.52060189, 2196.70840228,\n",
       "         2228.25665293, 2222.66670823, 2236.61097744, 2258.73558858,\n",
       "         2226.8207778 ],\n",
       "        [2262.00182734, 2226.37501717, 2213.4657342 , 2208.75012508,\n",
       "         2229.00771267, 2206.74876059, 2211.65848573, 2183.11495595,\n",
       "         2175.45476787, 2156.75915998, 2134.73764336, 2173.65899375,\n",
       "         2205.26471881, 2208.87896754, 2186.38073709, 2161.75634514,\n",
       "         2192.72817646, 2187.20885002, 2200.84920403, 2222.80096555,\n",
       "         2191.27432219],\n",
       "        [2248.97002129, 2213.4657342 , 2201.13901578, 2196.56384123,\n",
       "         2216.81814721, 2194.73337539, 2199.63928556, 2171.25372035,\n",
       "         2163.69436343, 2145.14606585, 2123.2355284 , 2161.72622788,\n",
       "         2193.19116917, 2196.84003827, 2174.50049926, 2150.16743273,\n",
       "         2180.99346489, 2175.56537629, 2189.22532889, 2210.95985552,\n",
       "         2179.7720337 ],\n",
       "        [2244.25424915, 2208.75012508, 2196.56384123, 2192.54127   ,\n",
       "         2212.78470644, 2190.7516426 , 2195.628134  , 2167.27933234,\n",
       "         2159.74059003, 2141.22669813, 2119.3122075 , 2157.608265  ,\n",
       "         2189.02951146, 2192.60656425, 2170.34519574, 2145.9987008 ,\n",
       "         2176.82749541, 2171.36966354, 2184.96907793, 2206.55830611,\n",
       "         2175.4228272 ],\n",
       "        [2264.72287197, 2229.00771267, 2216.81814721, 2212.78470644,\n",
       "         2233.86138385, 2211.7171496 , 2216.80011322, 2188.10445969,\n",
       "         2180.36360723, 2161.66141435, 2139.39194515, 2178.04311997,\n",
       "         2210.07791574, 2213.70077651, 2191.15888296, 2166.4940975 ,\n",
       "         2197.58815546, 2191.99508469, 2205.85180214, 2227.6978748 ,\n",
       "         2196.35796698],\n",
       "        [2242.0785734 , 2206.74876059, 2194.73337539, 2190.7516426 ,\n",
       "         2211.7171496 , 2190.28123146, 2195.41874893, 2166.94509206,\n",
       "         2159.33788228, 2140.87864327, 2118.78036048, 2156.98538806,\n",
       "         2188.82529403, 2192.44679274, 2170.08623212, 2145.77722922,\n",
       "         2176.58147974, 2170.95318097, 2184.66142127, 2206.30019995,\n",
       "         2175.39085641],\n",
       "        [2247.00507427, 2211.65848573, 2199.63928556, 2195.628134  ,\n",
       "         2216.80011322, 2195.41874893, 2201.06340082, 2172.39264215,\n",
       "         2164.6137368 , 2146.06118223, 2123.87858923, 2162.33612643,\n",
       "         2194.46757356, 2198.15393148, 2175.69239009, 2151.26499118,\n",
       "         2182.10392021, 2176.34151215, 2190.06316532, 2211.84549716,\n",
       "         2180.8682724 ],\n",
       "        [2218.20965277, 2183.11495595, 2171.25372035, 2167.27933234,\n",
       "         2188.10445969, 2166.94509206, 2172.39264215, 2144.90849628,\n",
       "         2137.21725512, 2118.87916969, 2097.11751949, 2134.58275363,\n",
       "         2166.31106633, 2170.05671151, 2147.85264666, 2123.74299909,\n",
       "         2154.13309552, 2148.54256311, 2162.13350729, 2183.59123129,\n",
       "         2153.21198145],\n",
       "        [2210.57656197, 2175.45476787, 2163.69436343, 2159.74059003,\n",
       "         2180.36360723, 2159.33788228, 2164.6137368 , 2137.21725512,\n",
       "         2130.31065876, 2112.20607048, 2090.59732392, 2127.57769502,\n",
       "         2159.11487714, 2162.9661594 , 2140.76462519, 2117.17737406,\n",
       "         2147.43864946, 2141.89777377, 2155.6673377 , 2176.87377394,\n",
       "         2146.7878802 ],\n",
       "        [2191.60766844, 2156.75915998, 2145.14606585, 2141.22669813,\n",
       "         2161.66141435, 2140.87864327, 2146.06118223, 2118.87916969,\n",
       "         2112.20607048, 2094.82943732, 2073.4111013 , 2109.86027481,\n",
       "         2141.18564429, 2145.03319321, 2123.0375744 , 2099.89421542,\n",
       "         2129.84226947, 2124.33273373, 2138.10212795, 2159.09977424,\n",
       "         2129.40616109],\n",
       "        [2169.3601316 , 2134.73764336, 2123.2355284 , 2119.3122075 ,\n",
       "         2139.39194515, 2118.78036048, 2123.87858923, 2097.11751949,\n",
       "         2090.59732392, 2073.4111013 , 2052.70675895, 2088.6755161 ,\n",
       "         2119.48286899, 2123.45025224, 2101.63522378, 2078.85201034,\n",
       "         2108.38544078, 2103.0273064 , 2116.73293558, 2137.51102666,\n",
       "         2108.23494823],\n",
       "        [2208.63183428, 2173.65899375, 2161.72622788, 2157.608265  ,\n",
       "         2178.04311997, 2156.98538806, 2162.33612643, 2134.58275363,\n",
       "         2127.57769502, 2109.86027481, 2088.6755161 , 2126.59154981,\n",
       "         2157.86419878, 2161.64204644, 2139.42293883, 2115.75546423,\n",
       "         2145.81820502, 2140.30035702, 2153.92165985, 2175.36548126,\n",
       "         2145.09199335],\n",
       "        [2240.66668428, 2205.26471881, 2193.19116917, 2189.02951146,\n",
       "         2210.07791574, 2188.82529403, 2194.46757356, 2166.31106633,\n",
       "         2159.11487714, 2141.18564429, 2119.48286899, 2157.86419878,\n",
       "         2190.7188112 , 2194.43396957, 2171.79950902, 2147.66801419,\n",
       "         2178.16902753, 2172.41075266, 2186.2805235 , 2208.19815945,\n",
       "         2177.52210443],\n",
       "        [2244.4637656 , 2208.87896754, 2196.84003827, 2192.60656425,\n",
       "         2213.70077651, 2192.44679274, 2198.15393148, 2170.05671151,\n",
       "         2162.9661594 , 2145.03319321, 2123.45025224, 2161.64204644,\n",
       "         2194.43396957, 2198.77044758, 2175.97491863, 2151.96292975,\n",
       "         2182.48158347, 2176.67755149, 2190.7719027 , 2212.62507257,\n",
       "         2182.07602279],\n",
       "        [2221.52060189, 2186.38073709, 2174.50049926, 2170.34519574,\n",
       "         2191.15888296, 2170.08623212, 2175.69239009, 2147.85264666,\n",
       "         2140.76462519, 2123.0375744 , 2101.63522378, 2139.42293883,\n",
       "         2171.79950902, 2175.97491863, 2153.80222187, 2130.00997484,\n",
       "         2160.10346581, 2154.46217847, 2168.24344018, 2189.84899451,\n",
       "         2159.59916402],\n",
       "        [2196.70840228, 2161.75634514, 2150.16743273, 2145.9987008 ,\n",
       "         2166.4940975 , 2145.77722922, 2151.26499118, 2123.74299909,\n",
       "         2117.17737406, 2099.89421542, 2078.85201034, 2115.75546423,\n",
       "         2147.66801419, 2151.96292975, 2130.00997484, 2107.83007787,\n",
       "         2137.57661151, 2131.95482771, 2145.82200227, 2166.99789078,\n",
       "         2137.45610261],\n",
       "        [2228.25665293, 2192.72817646, 2180.99346489, 2176.82749541,\n",
       "         2197.58815546, 2176.58147974, 2182.10392021, 2154.13309552,\n",
       "         2147.43864946, 2129.84226947, 2108.38544078, 2145.81820502,\n",
       "         2178.16902753, 2182.48158347, 2160.10346581, 2137.57661151,\n",
       "         2168.39404289, 2162.61986712, 2176.691283  , 2198.13228066,\n",
       "         2168.08345917],\n",
       "        [2222.66670823, 2187.20885002, 2175.56537629, 2171.36966354,\n",
       "         2191.99508469, 2170.95318097, 2176.34151215, 2148.54256311,\n",
       "         2141.89777377, 2124.33273373, 2103.0273064 , 2140.30035702,\n",
       "         2172.41075266, 2176.67755149, 2154.46217847, 2131.95482771,\n",
       "         2162.61986712, 2157.3166068 , 2171.26987789, 2192.57999615,\n",
       "         2162.61444124],\n",
       "        [2236.61097744, 2200.84920403, 2189.22532889, 2184.96907793,\n",
       "         2205.85180214, 2184.66142127, 2190.06316532, 2162.13350729,\n",
       "         2155.6673377 , 2138.10212795, 2116.73293558, 2153.92165985,\n",
       "         2186.2805235 , 2190.7719027 , 2168.24344018, 2145.82200227,\n",
       "         2176.691283  , 2171.26987789, 2185.93870949, 2207.31061975,\n",
       "         2177.33366662],\n",
       "        [2258.73558858, 2222.80096555, 2210.95985552, 2206.55830611,\n",
       "         2227.6978748 , 2206.30019995, 2211.84549716, 2183.59123129,\n",
       "         2176.87377394, 2159.09977424, 2137.51102666, 2175.36548126,\n",
       "         2208.19815945, 2212.62507257, 2189.84899451, 2166.99789078,\n",
       "         2198.13228066, 2192.57999615, 2207.31061975, 2229.33457977,\n",
       "         2199.02572191],\n",
       "        [2226.8207778 , 2191.27432219, 2179.7720337 , 2175.4228272 ,\n",
       "         2196.35796698, 2175.39085641, 2180.8682724 , 2153.21198145,\n",
       "         2146.7878802 , 2129.40616109, 2108.23494823, 2145.09199335,\n",
       "         2177.52210443, 2182.07602279, 2159.59916402, 2137.45610261,\n",
       "         2168.08345917, 2162.61444124, 2177.33366662, 2199.02572191,\n",
       "         2169.74142069]])"
      ]
     },
     "execution_count": 26,
     "metadata": {},
     "output_type": "execute_result"
    }
   ],
   "source": [
    "np.matrix(np.cov(closing_price_data[0:21]))"
   ]
  },
  {
   "cell_type": "code",
   "execution_count": 24,
   "metadata": {},
   "outputs": [
    {
     "data": {
      "text/plain": [
       "matrix([[1., 1., 1., 1., 1., 1., 1., 1., 1., 1., 1., 1., 1., 1., 1., 1.,\n",
       "         1., 1., 1., 1., 1.]])"
      ]
     },
     "execution_count": 24,
     "metadata": {},
     "output_type": "execute_result"
    }
   ],
   "source": [
    "np.matrix(np.ones(21))"
   ]
  },
  {
   "cell_type": "code",
   "execution_count": 40,
   "metadata": {},
   "outputs": [
    {
     "data": {
      "text/plain": [
       "matrix([[1.04410818e-06]])"
      ]
     },
     "execution_count": 40,
     "metadata": {},
     "output_type": "execute_result"
    }
   ],
   "source": [
    "np.linalg.inv(np.matmul(\n",
    "    np.matmul(np.matrix(np.ones(21)),\n",
    "              np.matrix(np.cov(closing_price_data[0:21]))),\n",
    "    np.transpose(np.matrix(np.ones(21)))))"
   ]
  },
  {
   "cell_type": "code",
   "execution_count": 37,
   "metadata": {},
   "outputs": [
    {
     "ename": "LinAlgError",
     "evalue": "Last 2 dimensions of the array must be square",
     "output_type": "error",
     "traceback": [
      "\u001b[0;31m---------------------------------------------------------------------------\u001b[0m",
      "\u001b[0;31mLinAlgError\u001b[0m                               Traceback (most recent call last)",
      "\u001b[0;32m<ipython-input-37-31b2eeeb8035>\u001b[0m in \u001b[0;36m<module>\u001b[0;34m()\u001b[0m\n\u001b[0;32m----> 1\u001b[0;31m \u001b[0mnp\u001b[0m\u001b[0;34m.\u001b[0m\u001b[0mlinalg\u001b[0m\u001b[0;34m.\u001b[0m\u001b[0minv\u001b[0m\u001b[0;34m(\u001b[0m\u001b[0mnp\u001b[0m\u001b[0;34m.\u001b[0m\u001b[0mmatrix\u001b[0m\u001b[0;34m(\u001b[0m\u001b[0mnp\u001b[0m\u001b[0;34m.\u001b[0m\u001b[0mones\u001b[0m\u001b[0;34m(\u001b[0m\u001b[0;36m21\u001b[0m\u001b[0;34m)\u001b[0m\u001b[0;34m)\u001b[0m\u001b[0;34m)\u001b[0m\u001b[0;34m\u001b[0m\u001b[0m\n\u001b[0m",
      "\u001b[0;32m~/anaconda3/lib/python3.6/site-packages/numpy/linalg/linalg.py\u001b[0m in \u001b[0;36minv\u001b[0;34m(a)\u001b[0m\n\u001b[1;32m    521\u001b[0m     \u001b[0ma\u001b[0m\u001b[0;34m,\u001b[0m \u001b[0mwrap\u001b[0m \u001b[0;34m=\u001b[0m \u001b[0m_makearray\u001b[0m\u001b[0;34m(\u001b[0m\u001b[0ma\u001b[0m\u001b[0;34m)\u001b[0m\u001b[0;34m\u001b[0m\u001b[0m\n\u001b[1;32m    522\u001b[0m     \u001b[0m_assertRankAtLeast2\u001b[0m\u001b[0;34m(\u001b[0m\u001b[0ma\u001b[0m\u001b[0;34m)\u001b[0m\u001b[0;34m\u001b[0m\u001b[0m\n\u001b[0;32m--> 523\u001b[0;31m     \u001b[0m_assertNdSquareness\u001b[0m\u001b[0;34m(\u001b[0m\u001b[0ma\u001b[0m\u001b[0;34m)\u001b[0m\u001b[0;34m\u001b[0m\u001b[0m\n\u001b[0m\u001b[1;32m    524\u001b[0m     \u001b[0mt\u001b[0m\u001b[0;34m,\u001b[0m \u001b[0mresult_t\u001b[0m \u001b[0;34m=\u001b[0m \u001b[0m_commonType\u001b[0m\u001b[0;34m(\u001b[0m\u001b[0ma\u001b[0m\u001b[0;34m)\u001b[0m\u001b[0;34m\u001b[0m\u001b[0m\n\u001b[1;32m    525\u001b[0m \u001b[0;34m\u001b[0m\u001b[0m\n",
      "\u001b[0;32m~/anaconda3/lib/python3.6/site-packages/numpy/linalg/linalg.py\u001b[0m in \u001b[0;36m_assertNdSquareness\u001b[0;34m(*arrays)\u001b[0m\n\u001b[1;32m    209\u001b[0m     \u001b[0;32mfor\u001b[0m \u001b[0ma\u001b[0m \u001b[0;32min\u001b[0m \u001b[0marrays\u001b[0m\u001b[0;34m:\u001b[0m\u001b[0;34m\u001b[0m\u001b[0m\n\u001b[1;32m    210\u001b[0m         \u001b[0;32mif\u001b[0m \u001b[0mmax\u001b[0m\u001b[0;34m(\u001b[0m\u001b[0ma\u001b[0m\u001b[0;34m.\u001b[0m\u001b[0mshape\u001b[0m\u001b[0;34m[\u001b[0m\u001b[0;34m-\u001b[0m\u001b[0;36m2\u001b[0m\u001b[0;34m:\u001b[0m\u001b[0;34m]\u001b[0m\u001b[0;34m)\u001b[0m \u001b[0;34m!=\u001b[0m \u001b[0mmin\u001b[0m\u001b[0;34m(\u001b[0m\u001b[0ma\u001b[0m\u001b[0;34m.\u001b[0m\u001b[0mshape\u001b[0m\u001b[0;34m[\u001b[0m\u001b[0;34m-\u001b[0m\u001b[0;36m2\u001b[0m\u001b[0;34m:\u001b[0m\u001b[0;34m]\u001b[0m\u001b[0;34m)\u001b[0m\u001b[0;34m:\u001b[0m\u001b[0;34m\u001b[0m\u001b[0m\n\u001b[0;32m--> 211\u001b[0;31m             \u001b[0;32mraise\u001b[0m \u001b[0mLinAlgError\u001b[0m\u001b[0;34m(\u001b[0m\u001b[0;34m'Last 2 dimensions of the array must be square'\u001b[0m\u001b[0;34m)\u001b[0m\u001b[0;34m\u001b[0m\u001b[0m\n\u001b[0m\u001b[1;32m    212\u001b[0m \u001b[0;34m\u001b[0m\u001b[0m\n\u001b[1;32m    213\u001b[0m \u001b[0;32mdef\u001b[0m \u001b[0m_assertFinite\u001b[0m\u001b[0;34m(\u001b[0m\u001b[0;34m*\u001b[0m\u001b[0marrays\u001b[0m\u001b[0;34m)\u001b[0m\u001b[0;34m:\u001b[0m\u001b[0;34m\u001b[0m\u001b[0m\n",
      "\u001b[0;31mLinAlgError\u001b[0m: Last 2 dimensions of the array must be square"
     ]
    }
   ],
   "source": [
    "np.linalg.inv(np.matrix(np.ones(21)))"
   ]
  },
  {
   "cell_type": "code",
   "execution_count": 45,
   "metadata": {},
   "outputs": [
    {
     "data": {
      "text/plain": [
       "matrix([[-0.01757787],\n",
       "        [-0.01039326],\n",
       "        [-0.01285856],\n",
       "        [ 0.02431759],\n",
       "        [-0.00747677],\n",
       "        [ 0.03356881],\n",
       "        [-0.02832462],\n",
       "        [-0.02237571],\n",
       "        [-0.030682  ],\n",
       "        [-0.00449003],\n",
       "        [ 0.02720968],\n",
       "        [-0.06089591],\n",
       "        [ 0.0057262 ],\n",
       "        [-0.00292014],\n",
       "        [ 0.01856009],\n",
       "        [ 0.01734566],\n",
       "        [-0.03385171],\n",
       "        [ 0.00327834],\n",
       "        [ 0.01535512],\n",
       "        [-0.00305865],\n",
       "        [ 0.03497532],\n",
       "        [ 0.01237246],\n",
       "        [-0.01630859],\n",
       "        [ 0.04644744],\n",
       "        [ 0.00035687],\n",
       "        [ 0.00340931],\n",
       "        [-0.0152096 ],\n",
       "        [-0.00759379],\n",
       "        [ 0.01443933],\n",
       "        [-0.00423487],\n",
       "        [ 0.00308116],\n",
       "        [-0.00996802],\n",
       "        [ 0.0346015 ],\n",
       "        [-0.00166277],\n",
       "        [-0.05139969],\n",
       "        [-0.05969947],\n",
       "        [-0.01643916],\n",
       "        [-0.01163794],\n",
       "        [-0.00427971],\n",
       "        [-0.00297495],\n",
       "        [ 0.00797524],\n",
       "        [-0.00820198],\n",
       "        [-0.01370058],\n",
       "        [ 0.00584806],\n",
       "        [-0.00617063],\n",
       "        [ 0.0023774 ],\n",
       "        [ 0.00728093],\n",
       "        [ 0.01229332],\n",
       "        [-0.00691244],\n",
       "        [ 0.00141156],\n",
       "        [ 0.0674634 ],\n",
       "        [-0.00419593],\n",
       "        [-0.01228305],\n",
       "        [ 0.04331673],\n",
       "        [ 0.01425268],\n",
       "        [ 0.00430714],\n",
       "        [ 0.03525697],\n",
       "        [-0.00130159],\n",
       "        [ 0.0617193 ],\n",
       "        [ 0.05371378],\n",
       "        [ 0.02458531],\n",
       "        [-0.00221789],\n",
       "        [ 0.02320905],\n",
       "        [ 0.00202422],\n",
       "        [-0.01469944],\n",
       "        [ 0.0036288 ],\n",
       "        [ 0.02805578],\n",
       "        [-0.05804733],\n",
       "        [ 0.02827565],\n",
       "        [-0.11156739],\n",
       "        [-0.0167405 ],\n",
       "        [-0.0056776 ],\n",
       "        [-0.00255855],\n",
       "        [-0.02204438],\n",
       "        [ 0.0077031 ],\n",
       "        [ 0.00305002],\n",
       "        [-0.04251355],\n",
       "        [ 0.02331125],\n",
       "        [-0.01178695],\n",
       "        [ 0.05263717],\n",
       "        [ 0.01026716],\n",
       "        [ 0.03272188],\n",
       "        [ 0.00035918],\n",
       "        [ 0.01626548],\n",
       "        [ 0.00710231],\n",
       "        [-0.00418823],\n",
       "        [ 0.01118462],\n",
       "        [ 0.00856211],\n",
       "        [ 0.00783468],\n",
       "        [-0.01627798],\n",
       "        [-0.00183571],\n",
       "        [ 0.01545666],\n",
       "        [-0.05767339],\n",
       "        [-0.02970693],\n",
       "        [ 0.0197951 ],\n",
       "        [ 0.00466841],\n",
       "        [-0.01438357],\n",
       "        [-0.00200719],\n",
       "        [ 0.02241575],\n",
       "        [ 0.03349236],\n",
       "        [ 0.0289077 ],\n",
       "        [-0.01734245],\n",
       "        [-0.07023163],\n",
       "        [ 0.00370539],\n",
       "        [-0.00170792],\n",
       "        [ 0.02869121],\n",
       "        [ 0.01146175],\n",
       "        [ 0.00787452],\n",
       "        [ 0.03141817],\n",
       "        [ 0.003592  ],\n",
       "        [-0.00403889],\n",
       "        [-0.03662577],\n",
       "        [-0.02641516],\n",
       "        [ 0.00103365],\n",
       "        [-0.03174909],\n",
       "        [ 0.01015871],\n",
       "        [-0.00632962],\n",
       "        [-0.0192182 ],\n",
       "        [ 0.0071643 ],\n",
       "        [ 0.01407152],\n",
       "        [ 0.05554946],\n",
       "        [-0.00370874],\n",
       "        [ 0.0249701 ],\n",
       "        [-0.03294014],\n",
       "        [ 0.01620539],\n",
       "        [-0.05763555],\n",
       "        [-0.04008583],\n",
       "        [-0.00130494],\n",
       "        [ 0.01210062],\n",
       "        [-0.01308383],\n",
       "        [ 0.00255458],\n",
       "        [ 0.00927886],\n",
       "        [ 0.00121045],\n",
       "        [ 0.01435871],\n",
       "        [ 0.05301009],\n",
       "        [-0.02609019],\n",
       "        [-0.00119606],\n",
       "        [ 0.00535795],\n",
       "        [ 0.00439476],\n",
       "        [ 0.02546449],\n",
       "        [ 0.01703052],\n",
       "        [ 0.00124091],\n",
       "        [ 0.01854115],\n",
       "        [ 0.05291568],\n",
       "        [ 0.02492846],\n",
       "        [ 0.00982958],\n",
       "        [-0.02945666],\n",
       "        [ 0.0094569 ],\n",
       "        [ 0.01651654],\n",
       "        [-0.00258065],\n",
       "        [-0.00490228],\n",
       "        [-0.0029686 ],\n",
       "        [ 0.00805173],\n",
       "        [-0.00678266],\n",
       "        [ 0.011952  ],\n",
       "        [ 0.04659958],\n",
       "        [-0.00276565],\n",
       "        [-0.02552917],\n",
       "        [ 0.01077507],\n",
       "        [ 0.00404547],\n",
       "        [ 0.01101865],\n",
       "        [ 0.0472557 ],\n",
       "        [ 0.00520419],\n",
       "        [-0.03954078],\n",
       "        [ 0.03747746],\n",
       "        [-0.01695167],\n",
       "        [ 0.00928836],\n",
       "        [ 0.02599475],\n",
       "        [-0.01992178],\n",
       "        [-0.01323376],\n",
       "        [-0.00490167],\n",
       "        [-0.00195819],\n",
       "        [-0.0091922 ],\n",
       "        [-0.03466243],\n",
       "        [ 0.00378034],\n",
       "        [ 0.01079268],\n",
       "        [-0.00413718],\n",
       "        [-0.0059136 ],\n",
       "        [ 0.00054789],\n",
       "        [ 0.00284025],\n",
       "        [ 0.02634902],\n",
       "        [ 0.0050182 ],\n",
       "        [ 0.00151383],\n",
       "        [ 0.0122488 ],\n",
       "        [ 0.00923329],\n",
       "        [ 0.01180057],\n",
       "        [-0.01041126],\n",
       "        [-0.02393592],\n",
       "        [-0.00660408],\n",
       "        [-0.01221517],\n",
       "        [ 0.00321024],\n",
       "        [ 0.0168641 ],\n",
       "        [ 0.00944706],\n",
       "        [ 0.00624955],\n",
       "        [-0.03011378],\n",
       "        [-0.02281155],\n",
       "        [ 0.00766449],\n",
       "        [-0.01253618],\n",
       "        [-0.00585639],\n",
       "        [ 0.00327126],\n",
       "        [-0.0038822 ],\n",
       "        [ 0.03894272],\n",
       "        [-0.00513594],\n",
       "        [ 0.01117999],\n",
       "        [ 0.00125173],\n",
       "        [-0.02890777],\n",
       "        [ 0.01658625],\n",
       "        [ 0.02860222],\n",
       "        [ 0.014606  ],\n",
       "        [-0.02358258],\n",
       "        [-0.0154301 ],\n",
       "        [-0.00680066],\n",
       "        [-0.03246961],\n",
       "        [ 0.02397803],\n",
       "        [ 0.01299203],\n",
       "        [-0.00387973],\n",
       "        [-0.0004772 ],\n",
       "        [ 0.01818412],\n",
       "        [ 0.04185917],\n",
       "        [-0.00127407],\n",
       "        [-0.0041217 ],\n",
       "        [-0.00287601],\n",
       "        [-0.00836678],\n",
       "        [-0.01740076],\n",
       "        [-0.00268461],\n",
       "        [ 0.00488   ],\n",
       "        [-0.03621763],\n",
       "        [ 0.02503501],\n",
       "        [-0.01887595],\n",
       "        [ 0.00560641],\n",
       "        [ 0.03494358],\n",
       "        [ 0.00805315],\n",
       "        [-0.01425536],\n",
       "        [-0.05304295],\n",
       "        [ 0.04021245],\n",
       "        [ 0.01647552],\n",
       "        [-0.00883374],\n",
       "        [ 0.01898674],\n",
       "        [ 0.00606432],\n",
       "        [ 0.0141418 ],\n",
       "        [-0.00481393],\n",
       "        [ 0.00846416],\n",
       "        [-0.04438328],\n",
       "        [-0.00657943],\n",
       "        [ 0.00475878],\n",
       "        [-0.02063594],\n",
       "        [ 0.02488938],\n",
       "        [ 0.01329216],\n",
       "        [ 0.05628134],\n",
       "        [ 0.00735909],\n",
       "        [ 0.00792974],\n",
       "        [-0.00969329],\n",
       "        [-0.01775917],\n",
       "        [ 0.0370388 ],\n",
       "        [ 0.00329887],\n",
       "        [ 0.01616541],\n",
       "        [ 0.05394678],\n",
       "        [ 0.04519134],\n",
       "        [-0.00415019],\n",
       "        [-0.03461658],\n",
       "        [ 0.00064736],\n",
       "        [ 0.03366057],\n",
       "        [-0.02902843],\n",
       "        [-0.06382423],\n",
       "        [-0.00661109],\n",
       "        [-0.0032378 ],\n",
       "        [ 0.00646003],\n",
       "        [-0.01091946],\n",
       "        [-0.00776627],\n",
       "        [-0.00033317],\n",
       "        [-0.01700028],\n",
       "        [-0.0018251 ],\n",
       "        [ 0.01417848],\n",
       "        [-0.00161068],\n",
       "        [-0.01270109],\n",
       "        [ 0.00285853],\n",
       "        [ 0.03865235],\n",
       "        [ 0.00825282],\n",
       "        [ 0.01582236],\n",
       "        [-0.02445441],\n",
       "        [-0.06473946],\n",
       "        [-0.00846319],\n",
       "        [ 0.04847891],\n",
       "        [ 0.00182824],\n",
       "        [-0.00212535],\n",
       "        [-0.04020905],\n",
       "        [-0.00618492],\n",
       "        [ 0.01118931],\n",
       "        [-0.00487577],\n",
       "        [-0.01142935],\n",
       "        [-0.02807194],\n",
       "        [ 0.03735141],\n",
       "        [-0.01075094],\n",
       "        [-0.00684046],\n",
       "        [ 0.00820236],\n",
       "        [-0.03550833],\n",
       "        [ 0.0184286 ],\n",
       "        [-0.04120209],\n",
       "        [ 0.05297212],\n",
       "        [ 0.00740745],\n",
       "        [-0.02205361],\n",
       "        [ 0.00285613],\n",
       "        [-0.00737321],\n",
       "        [ 0.0082429 ],\n",
       "        [ 0.02022608],\n",
       "        [-0.00788092],\n",
       "        [ 0.02179708],\n",
       "        [ 0.02375546],\n",
       "        [ 0.00380536],\n",
       "        [-0.00984139],\n",
       "        [-0.04886059],\n",
       "        [ 0.00799856],\n",
       "        [ 0.01148143],\n",
       "        [-0.00081422],\n",
       "        [ 0.01587605],\n",
       "        [ 0.00042072],\n",
       "        [-0.00780669],\n",
       "        [ 0.01610803],\n",
       "        [-0.01765854],\n",
       "        [-0.03686466],\n",
       "        [-0.01409405],\n",
       "        [-0.01902764],\n",
       "        [-0.00122821],\n",
       "        [ 0.05806044],\n",
       "        [-0.05907945],\n",
       "        [ 0.02206397],\n",
       "        [ 0.02010962],\n",
       "        [ 0.08724826],\n",
       "        [ 0.00133788],\n",
       "        [ 0.00589314],\n",
       "        [-0.00547343],\n",
       "        [-0.0449116 ],\n",
       "        [ 0.04760745],\n",
       "        [ 0.05940439],\n",
       "        [-0.05058144],\n",
       "        [ 0.02491339],\n",
       "        [-0.01056916],\n",
       "        [-0.00182157],\n",
       "        [-0.02190444],\n",
       "        [-0.00468944],\n",
       "        [ 0.03017749],\n",
       "        [-0.05221024],\n",
       "        [ 0.01094744],\n",
       "        [ 0.07119138],\n",
       "        [-0.02776615],\n",
       "        [-0.04799193],\n",
       "        [-0.02199412],\n",
       "        [-0.02692106],\n",
       "        [ 0.0145662 ],\n",
       "        [-0.09232474],\n",
       "        [ 0.06302258],\n",
       "        [-0.01036842],\n",
       "        [ 0.00653208],\n",
       "        [ 0.01414308],\n",
       "        [ 0.01156975],\n",
       "        [-0.0037732 ],\n",
       "        [ 0.02066997],\n",
       "        [ 0.00257031],\n",
       "        [ 0.06519572],\n",
       "        [-0.07258575],\n",
       "        [-0.00343445],\n",
       "        [ 0.04174601],\n",
       "        [-0.01233842],\n",
       "        [ 0.00936343],\n",
       "        [ 0.03699118],\n",
       "        [ 0.00261397],\n",
       "        [-0.00051651],\n",
       "        [-0.04819641],\n",
       "        [-0.00789805],\n",
       "        [-0.003064  ],\n",
       "        [ 0.01753102],\n",
       "        [ 0.01311575],\n",
       "        [ 0.04372325],\n",
       "        [ 0.00236301],\n",
       "        [-0.00149487],\n",
       "        [-0.02841088],\n",
       "        [-0.02249924],\n",
       "        [-0.00333289],\n",
       "        [ 0.02341611],\n",
       "        [ 0.01599756],\n",
       "        [ 0.05303999],\n",
       "        [ 0.04201351],\n",
       "        [-0.00118122],\n",
       "        [ 0.03248933],\n",
       "        [ 0.01427974],\n",
       "        [ 0.1058395 ],\n",
       "        [ 0.031075  ],\n",
       "        [ 0.00343333],\n",
       "        [-0.02310388],\n",
       "        [ 0.07677655],\n",
       "        [-0.05879138],\n",
       "        [-0.00298473],\n",
       "        [ 0.01045124],\n",
       "        [-0.00119966],\n",
       "        [ 0.01868195],\n",
       "        [-0.0145354 ],\n",
       "        [-0.04686246],\n",
       "        [ 0.00749227],\n",
       "        [ 0.01589778],\n",
       "        [ 0.03919605],\n",
       "        [-0.00506012],\n",
       "        [ 0.01836969],\n",
       "        [ 0.03234568],\n",
       "        [ 0.00757626],\n",
       "        [-0.00283487],\n",
       "        [-0.01400292],\n",
       "        [ 0.06976333],\n",
       "        [-0.02485928],\n",
       "        [-0.00333554],\n",
       "        [ 0.00273188],\n",
       "        [ 0.03013031],\n",
       "        [ 0.00495356],\n",
       "        [ 0.00208353],\n",
       "        [-0.00634026],\n",
       "        [-0.01994636],\n",
       "        [ 0.01722549],\n",
       "        [ 0.00373   ],\n",
       "        [-0.016911  ],\n",
       "        [-0.01664677],\n",
       "        [ 0.01871547],\n",
       "        [-0.05978626],\n",
       "        [-0.00707822],\n",
       "        [ 0.01233872],\n",
       "        [-0.05575137],\n",
       "        [ 0.03927975],\n",
       "        [ 0.02157776],\n",
       "        [ 0.06880042],\n",
       "        [-0.02346628],\n",
       "        [ 0.02612629],\n",
       "        [ 0.01789906],\n",
       "        [ 0.03041714],\n",
       "        [-0.01707218],\n",
       "        [-0.01184918],\n",
       "        [ 0.01494611],\n",
       "        [ 0.03023652],\n",
       "        [-0.00434257],\n",
       "        [-0.03647901],\n",
       "        [ 0.01479485],\n",
       "        [ 0.04296054],\n",
       "        [-0.01518617],\n",
       "        [ 0.01554469],\n",
       "        [ 0.00069649],\n",
       "        [ 0.03991724],\n",
       "        [-0.01281719],\n",
       "        [-0.01426201],\n",
       "        [-0.0146515 ],\n",
       "        [-0.03858601],\n",
       "        [-0.02519278],\n",
       "        [ 0.07209912],\n",
       "        [-0.00341866],\n",
       "        [ 0.00551284],\n",
       "        [-0.01880764],\n",
       "        [ 0.0119045 ],\n",
       "        [ 0.0018698 ],\n",
       "        [-0.00902327],\n",
       "        [-0.00814333],\n",
       "        [ 0.02419674],\n",
       "        [-0.00151938],\n",
       "        [ 0.04573193],\n",
       "        [-0.00044158],\n",
       "        [ 0.00781156],\n",
       "        [-0.01980042],\n",
       "        [ 0.00321473],\n",
       "        [ 0.01196469],\n",
       "        [ 0.04283758],\n",
       "        [-0.0235053 ],\n",
       "        [-0.00268261]])"
      ]
     },
     "execution_count": 45,
     "metadata": {},
     "output_type": "execute_result"
    }
   ],
   "source": [
    "import cvxpy as cvx\n",
    "\n",
    "s, _ = sigma.shape\n",
    "\n",
    "w = cvx.Variable(s)# the length of w is x\n",
    "\n",
    "\n",
    "risk = cvx.quad_form(w, sigma.as_matrix())\n",
    "prob = cvx.Problem(cvx.Minimize(risk), \n",
    "               [cvx.sum_entries(w) == 1])\n",
    "prob.solve()\n",
    "w.value"
   ]
  },
  {
   "cell_type": "code",
   "execution_count": 102,
   "metadata": {},
   "outputs": [
    {
     "data": {
      "text/html": [
       "<div>\n",
       "<table border=\"1\" class=\"dataframe\">\n",
       "  <thead>\n",
       "    <tr style=\"text-align: right;\">\n",
       "      <th>Name</th>\n",
       "      <th>A</th>\n",
       "      <th>AAL</th>\n",
       "      <th>AAP</th>\n",
       "      <th>AAPL</th>\n",
